90111 9889 0 0
89210 10273 517 10
88087 10933 980 20
86975 11510 1515 30
85903 12019 2078 40
84790 12547 2663 50
83790 12941 3269 60
82808 13295 3897 70
81811 13724 4465 80
80844 14089 5067 90
79913 14350 5737 100
78946 14672 6382 110
78097 14940 6963 120
77232 15185 7583 130
76358 15457 8185 140
75580 15625 8795 150
74843 15796 9361 160
74088 15959 9953 170
73349 16072 10579 180
72653 16193 11154 190
71951 16310 11739 200
71270 16390 12340 210
70607 16491 12902 220
69943 16645 13412 230
69301 16732 13967 240
68633 16852 14515 250
67999 16905 15096 260
67400 16978 15622 270
66799 17013 16188 280
66223 17060 16717 290
65655 17130 17215 300
65173 17091 17736 310
64669 17071 18260 320
64183 17054 18763 330
63728 17017 19255 340
63308 16994 19698 350
62828 17086 20086 360
62343 17083 20574 370
61915 17030 21055 380
61426 17047 21527 390
61075 17026 21899 400
60740 16965 22295 410
60408 16923 22669 420
60039 16894 23067 430
59704 16760 23536 440
59429 16729 23842 450
59111 16694 24195 460
58836 16644 24520 470
58554 16572 24874 480
58332 16459 25209 490
58059 16462 25479 500
57860 16364 25776 510
57636 16290 26074 520
57394 16177 26429 530
57204 16110 26686 540
57027 16000 26973 550
56826 15913 27261 560
56711 15848 27441 570
56538 15789 27673 580
56352 15766 27882 590
56269 15691 28040 600
56137 15630 28233 610
56010 15537 28453 620
55846 15451 28703 630
55738 15306 28956 640
55575 15195 29230 650
55479 15134 29387 660
55430 15072 29498 670
55395 14980 29625 680
55298 14829 29873 690
55127 14799 30074 700
54999 14738 30263 710
54968 14674 30358 720
54903 14677 30420 730
54891 14643 30466 740
54802 14626 30572 750
54770 14535 30695 760
54787 14434 30779 770
54720 14429 30851 780
54581 14402 31017 790
54522 14331 31147 800
54481 14258 31261 810
54489 14177 31334 820
54470 14203 31327 830
54461 14172 31367 840
54438 14092 31470 850
54456 14037 31507 860
54421 14005 31574 870
54365 13959 31676 880
54464 13849 31687 890
54406 13844 31750 900
54437 13792 31771 910
54431 13809 31760 920
54498 13680 31822 930
54490 13666 31844 940
54573 13519 31908 950
54609 13510 31881 960
54707 13400 31893 970
54721 13386 31893 980
54800 13308 31892 990
54809 13284 31907 1000
54850 13219 31931 1010
54901 13160 31939 1020
54889 13145 31966 1030
54927 13137 31936 1040
54931 13107 31962 1050
54973 12970 32057 1060
55018 12947 32035 1070
55057 12903 32040 1080
55186 12764 32050 1090
55248 12716 32036 1100
55347 12723 31930 1110
55470 12655 31875 1120
55484 12573 31943 1130
55606 12531 31863 1140
55687 12563 31750 1150
55719 12539 31742 1160
55799 12502 31699 1170
55811 12492 31697 1180
55857 12459 31684 1190
56005 12365 31630 1200
56075 12298 31627 1210
56195 12213 31592 1220
56157 12217 31626 1230
56220 12139 31641 1240
56324 12091 31585 1250
56452 12040 31508 1260
56557 11975 31468 1270
56636 11906 31458 1280
56712 11892 31396 1290
56765 11858 31377 1300
56822 11825 31353 1310
56935 11728 31337 1320
57047 11656 31297 1330
57118 11591 31291 1340
57176 11558 31266 1350
57282 11535 31183 1360
57335 11459 31206 1370
57433 11441 31126 1380
57610 11371 31019 1390
57623 11396 30981 1400
57701 11419 30880 1410
57863 11369 30768 1420
57899 11370 30731 1430
58026 11262 30712 1440
58089 11219 30692 1450
58220 11141 30639 1460
58284 11149 30567 1470
58334 11119 30547 1480
58418 11048 30534 1490
58612 10972 30416 1500
58690 10926 30384 1510
58753 10921 30326 1520
58764 10944 30292 1530
58818 10932 30250 1540
58897 10948 30155 1550
58906 10972 30122 1560
58989 10941 30070 1570
59058 10902 30040 1580
59138 10893 29969 1590
59203 10883 29914 1600
59258 10833 29909 1610
59318 10800 29882 1620
59420 10766 29814 1630
59443 10817 29740 1640
59539 10748 29713 1650
59708 10719 29573 1660
59747 10757 29496 1670
59767 10698 29535 1680
59882 10637 29481 1690
59949 10614 29437 1700
60130 10526 29344 1710
60267 10465 29268 1720
60324 10408 29268 1730
60342 10430 29228 1740
60351 10451 29198 1750
60455 10415 29130 1760
60507 10357 29136 1770
60646 10305 29049 1780
60662 10351 28987 1790
60752 10317 28931 1800
60812 10292 28896 1810
60876 10280 28844 1820
60962 10226 28812 1830
61125 10166 28709 1840
61244 10154 28602 1850
61326 10162 28512 1860
61437 10152 28411 1870
61571 10126 28303 1880
61665 10074 28261 1890
61835 9979 28186 1900
61921 9946 28133 1910
62005 9885 28110 1920
62141 9839 28020 1930
62167 9817 28016 1940
62249 9739 28012 1950
62376 9694 27930 1960
62473 9650 27877 1970
62553 9644 27803 1980
62606 9655 27739 1990
62692 9638 27670 2000
62801 9607 27592 2010
62883 9556 27561 2020
62993 9511 27496 2030
63076 9492 27432 2040
63180 9480 27340 2050
63249 9449 27302 2060
63376 9440 27184 2070
63411 9457 27132 2080
63529 9443 27028 2090
63577 9462 26961 2100
63635 9452 26913 2110
63665 9482 26853 2120
63758 9431 26811 2130
63875 9389 26736 2140
63909 9484 26607 2150
63980 9481 26539 2160
64027 9468 26505 2170
64044 9553 26403 2180
64121 9570 26309 2190
64190 9552 26258 2200
64290 9516 26194 2210
64304 9547 26149 2220
64370 9553 26077 2230
64418 9542 26040 2240
64476 9506 26018 2250
64524 9486 25990 2260
64613 9461 25926 2270
64704 9412 25884 2280
64729 9436 25835 2290
64731 9476 25793 2300
64844 9401 25755 2310
64898 9389 25713 2320
64994 9343 25663 2330
65073 9253 25674 2340
65123 9149 25728 2350
65194 9192 25614 2360
65232 9210 25558 2370
65308 9194 25498 2380
65332 9231 25437 2390
65429 9206 25365 2400
65416 9237 25347 2410
65517 9222 25261 2420
65476 9226 25298 2430
65459 9223 25318 2440
65495 9218 25287 2450
65612 9215 25173 2460
65676 9180 25144 2470
65725 9192 25083 2480
65749 9192 25059 2490
65750 9209 25041 2500
65779 9197 25024 2510
65832 9105 25063 2520
65870 9087 25043 2530
65922 9066 25012 2540
66006 9042 24952 2550
66092 9038 24870 2560
66172 9012 24816 2570
66271 8986 24743 2580
66307 8970 24723 2590
66320 8973 24707 2600
66359 8951 24690 2610
66400 8975 24625 2620
66458 8999 24543 2630
66487 8976 24537 2640
66468 8991 24541 2650
66512 8971 24517 2660
66530 8971 24499 2670
66528 8980 24492 2680
66628 8956 24416 2690
66673 8906 24421 2700
66711 8896 24393 2710
66795 8855 24350 2720
66863 8869 24268 2730
66898 8888 24214 2740
66927 8861 24212 2750
66982 8845 24173 2760
67029 8802 24169 2770
67086 8807 24107 2780
67138 8785 24077 2790
67162 8799 24039 2800
67178 8811 24011 2810
67213 8797 23990 2820
67251 8766 23983 2830
67287 8797 23916 2840
67329 8799 23872 2850
67365 8816 23819 2860
67336 8881 23783 2870
67408 8861 23731 2880
67393 8880 23727 2890
67427 8876 23697 2900
67477 8829 23694 2910
67468 8835 23697 2920
67481 8856 23663 2930
67453 8898 23649 2940
67431 8955 23614 2950
67479 8929 23592 2960
67538 8944 23518 2970
67577 8907 23516 2980
67639 8906 23455 2990
67681 8878 23441 3000
67703 8924 23373 3010
67782 8877 23341 3020
67833 8830 23337 3030
67863 8805 23332 3040
67941 8788 23271 3050
67967 8734 23299 3060
67930 8763 23307 3070
67952 8744 23304 3080
68000 8727 23273 3090
68004 8792 23204 3100
67994 8789 23217 3110
68018 8823 23159 3120
68046 8858 23096 3130
68050 8839 23111 3140
68055 8874 23071 3150
68034 8929 23037 3160
68051 8927 23022 3170
68086 8950 22964 3180
68078 8967 22955 3190
68055 9002 22943 3200
68074 8970 22956 3210
68120 8909 22971 3220
68097 8943 22960 3230
68126 8930 22944 3240
68095 8928 22977 3250
68115 8930 22955 3260
68097 8923 22980 3270
68114 8913 22973 3280
68144 8891 22965 3290
68189 8897 22914 3300
68184 8884 22932 3310
68158 8857 22985 3320
68153 8885 22962 3330
68171 8932 22897 3340
68245 8899 22856 3350
68241 8949 22810 3360
68220 9010 22770 3370
68261 9014 22725 3380
68322 8946 22732 3390
68354 8926 22720 3400
68405 8883 22712 3410
68407 8826 22767 3420
68494 8788 22718 3430
68466 8771 22763 3440
68467 8781 22752 3450
68495 8748 22757 3460
68507 8741 22752 3470
68516 8730 22754 3480
68512 8729 22759 3490
68501 8740 22759 3500
68484 8732 22784 3510
68415 8809 22776 3520
68419 8811 22770 3530
68428 8867 22705 3540
68480 8810 22710 3550
68525 8826 22649 3560
68532 8817 22651 3570
68568 8792 22640 3580
68593 8759 22648 3590
68635 8752 22613 3600
68630 8755 22615 3610
68656 8760 22584 3620
68636 8767 22597 3630
68584 8751 22665 3640
68589 8751 22660 3650
68550 8759 22691 3660
68617 8755 22628 3670
68575 8807 22618 3680
68536 8852 22612 3690
68542 8894 22564 3700
68584 8901 22515 3710
68610 8892 22498 3720
68639 8885 22476 3730
68669 8859 22472 3740
68668 8822 22510 3750
68742 8774 22484 3760
68721 8775 22504 3770
68737 8807 22456 3780
68740 8787 22473 3790
68739 8828 22433 3800
68730 8830 22440 3810
68735 8798 22467 3820
68744 8821 22435 3830
68759 8806 22435 3840
68742 8844 22414 3850
68748 8810 22442 3860
68745 8826 22429 3870
68767 8802 22431 3880
68857 8758 22385 3890
68853 8795 22352 3900
68848 8827 22325 3910
68917 8824 22259 3920
68918 8841 22241 3930
68960 8777 22263 3940
68963 8834 22203 3950
68969 8811 22220 3960
68919 8862 22219 3970
68890 8876 22234 3980
68922 8879 22199 3990
68909 8894 22197 4000
68906 8949 22145 4010
68893 8987 22120 4020
68963 8943 22094 4030
68968 8924 22108 4040
68919 8894 22187 4050
68870 8878 22252 4060
68880 8858 22262 4070
68822 8870 22308 4080
68840 8854 22306 4090
68840 8880 22280 4100
68852 8819 22329 4110
68808 8864 22328 4120
68760 8890 22350 4130
68794 8904 22302 4140
68864 8829 22307 4150
68915 8807 22278 4160
68886 8803 22311 4170
68878 8734 22388 4180
68833 8758 22409 4190
68835 8771 22394 4200
68874 8686 22440 4210
68916 8722 22362 4220
68950 8702 22348 4230
68921 8765 22314 4240
68890 8774 22336 4250
68845 8810 22345 4260
68814 8840 22346 4270
68764 8907 22329 4280
68757 8955 22288 4290
68823 8954 22223 4300
68828 8927 22245 4310
68831 8926 22243 4320
68842 8940 22218 4330
68867 8931 22202 4340
68845 8900 22255 4350
68874 8919 22207 4360
68881 8874 22245 4370
68866 8897 22237 4380
68887 8845 22268 4390
68883 8807 22310 4400
68861 8841 22298 4410
68921 8804 22275 4420
68952 8775 22273 4430
68913 8825 22262 4440
69029 8785 22186 4450
68972 8821 22207 4460
69002 8791 22207 4470
69028 8725 22247 4480
69080 8660 22260 4490
69093 8629 22278 4500
69103 8670 22227 4510
69115 8630 22255 4520
69166 8597 22237 4530
69138 8621 22241 4540
69156 8651 22193 4550
69169 8664 22167 4560
69158 8724 22118 4570
69191 8742 22067 4580
69221 8734 22045 4590
69171 8790 22039 4600
69141 8775 22084 4610
69164 8777 22059 4620
69152 8757 22091 4630
69135 8762 22103 4640
69108 8768 22124 4650
69090 8819 22091 4660
69096 8786 22118 4670
69144 8758 22098 4680
69184 8771 22045 4690
69161 8822 22017 4700
69149 8849 22002 4710
69101 8880 22019 4720
69156 8813 22031 4730
69131 8793 22076 4740
69139 8817 22044 4750
69151 8809 22040 4760
69159 8835 22006 4770
69163 8815 22022 4780
69162 8842 21996 4790
69196 8871 21933 4800
69151 8890 21959 4810
69157 8864 21979 4820
69191 8834 21975 4830
69214 8827 21959 4840
69264 8795 21941 4850
69293 8757 21950 4860
69226 8799 21975 4870
69201 8789 22010 4880
69201 8802 21997 4890
69208 8813 21979 4900
69215 8808 21977 4910
69180 8866 21954 4920
69212 8798 21990 4930
69222 8763 22015 4940
69234 8758 22008 4950
69302 8741 21957 4960
69295 8768 21937 4970
69271 8798 21931 4980
69266 8801 21933 4990
