2.3741e+06 4 10000 210.606
2.36445e+06 4 10000 211.466
2.35118e+06 4 10000 212.659
2.39351e+06 4 10000 208.898
2.37803e+06 4 10000 210.258
4.61416e+06 12 10000 108.362
4.56243e+06 12 10000 109.591
4.6309e+06 12 10000 107.97
4.69437e+06 12 10000 106.511
4.6689e+06 12 10000 107.092
3.85469e+06 8 10000 129.712
3.80523e+06 8 10000 131.398
3.79978e+06 8 10000 131.586
3.91225e+06 8 10000 127.804
3.80893e+06 8 10000 131.27
5.11496e+06 16 10000 97.7525
5.11575e+06 16 10000 97.7374
5.13488e+06 16 10000 97.3733
5.06837e+06 16 10000 98.651
5.19409e+06 16 10000 96.2633
5.62151e+06 20 10000 88.944
5.41559e+06 20 10000 92.326
5.20261e+06 20 10000 96.1056
5.48741e+06 20 10000 91.1176
5.57876e+06 20 10000 89.6257
4.81999e+06 24 10000 103.735
5.82163e+06 24 10000 85.8866
5.8117e+06 24 10000 86.0334
5.37387e+06 24 10000 93.0428
5.22714e+06 24 10000 95.6546
5.19938e+06 26 10000 96.1654
5.29294e+06 26 10000 94.4654
4.91909e+06 26 10000 101.645
5.51948e+06 26 10000 90.5882
5.99279e+06 26 10000 83.4335
3.50692e+06 28 10000 142.575
3.52463e+06 28 10000 141.859
4.11284e+06 28 10000 121.571
3.69041e+06 28 10000 135.486
3.64047e+06 28 10000 137.345
